0:
###
.##
##.

1:
##.
##.
###

2:
#..
##.
###

3:
###
#.#
#.#

4:
#.#
###
#.#

5:
##.
.##
..#

45x41: 52 43 45 41 47 59
45x41: 29 27 34 34 34 36
41x37: 44 34 38 35 40 44
42x50: 45 69 54 57 50 46
37x47: 43 47 47 39 46 47
38x40: 28 30 27 23 25 22
37x44: 38 51 32 50 37 41
49x37: 48 47 37 46 53 47
46x42: 31 35 40 36 35 33
35x39: 32 34 40 32 38 35
35x50: 41 39 54 49 42 46
46x47: 58 53 54 58 56 53
42x44: 33 30 31 36 34 31
45x39: 40 34 35 29 31 26
41x50: 43 64 57 51 50 51
41x43: 31 27 36 27 30 30
49x46: 34 35 37 50 42 42
48x48: 53 60 62 62 60 58
41x48: 50 54 56 43 52 48
47x47: 60 64 50 55 41 74
50x45: 55 53 64 50 74 49
41x50: 65 60 59 39 45 47
36x47: 35 31 23 32 30 29
43x49: 52 67 55 53 52 42
39x37: 33 28 25 27 22 20
46x47: 38 43 36 41 42 25
36x47: 39 52 38 39 50 41
38x36: 38 33 44 31 39 24
47x49: 36 43 36 38 46 40
39x45: 31 28 29 37 31 39
40x37: 38 40 55 31 32 33
45x37: 48 47 40 35 43 43
36x42: 24 29 28 28 34 25
37x41: 25 29 29 23 29 20
47x40: 49 57 48 38 55 40
49x45: 63 41 53 60 66 56
40x46: 18 32 42 35 30 38
37x50: 53 46 45 40 54 46
39x35: 34 35 35 27 42 38
44x50: 42 31 31 37 39 43
48x41: 34 28 32 42 44 28
41x37: 31 38 41 42 38 46
39x50: 34 38 30 35 30 41
49x45: 61 57 63 54 52 52
49x50: 71 53 71 56 65 62
38x40: 33 27 20 28 29 18
37x45: 29 30 27 24 30 40
38x37: 18 26 23 32 22 22
36x44: 42 32 42 41 47 40
40x42: 32 33 23 30 33 30
50x49: 66 69 62 65 52 63
44x43: 48 46 54 47 52 44
44x48: 36 34 44 33 33 43
42x50: 31 30 44 46 31 42
36x44: 23 22 31 27 32 33
50x39: 53 56 62 41 40 50
42x39: 35 52 51 31 34 54
48x48: 56 55 58 64 66 54
36x42: 43 32 45 36 36 43
36x46: 39 23 31 25 33 29
38x42: 46 48 37 38 38 37
37x38: 35 33 38 31 39 43
39x42: 40 45 34 47 51 31
47x42: 49 45 56 50 51 55
47x40: 45 48 50 51 45 52
47x46: 43 28 37 39 34 43
37x41: 30 24 23 22 28 28
47x49: 43 42 40 43 40 32
47x47: 31 49 48 36 29 32
50x41: 37 28 27 47 38 30
43x47: 36 38 34 31 31 39
46x50: 70 62 53 48 57 65
38x36: 33 37 38 37 32 34
50x43: 56 51 57 47 53 72
38x38: 33 32 32 41 46 38
41x40: 28 34 19 29 32 26
36x42: 40 44 33 36 36 45
38x36: 41 27 29 35 37 43
38x48: 58 42 37 42 45 59
50x42: 51 47 63 52 60 51
49x49: 63 62 57 58 67 62
40x43: 44 43 52 40 40 48
36x48: 44 49 43 40 51 37
44x37: 25 29 31 33 24 25
42x44: 27 40 31 38 24 36
47x49: 54 51 70 52 61 72
42x40: 29 26 26 28 44 29
47x44: 46 62 57 53 45 57
47x49: 46 62 68 70 56 52
46x42: 26 37 36 34 34 43
45x47: 37 46 44 33 34 31
42x47: 41 61 47 60 50 42
50x42: 48 70 57 46 44 61
45x36: 49 44 30 47 41 35
49x35: 35 43 48 48 46 45
48x46: 36 45 41 50 32 35
44x46: 53 52 49 56 52 48
42x41: 43 27 26 24 29 33
35x48: 30 50 49 45 32 58
49x45: 62 54 44 55 65 58
40x38: 30 31 20 23 25 26
49x35: 53 41 41 48 39 41
35x39: 31 31 43 42 35 27
37x44: 31 27 25 29 27 28
42x48: 32 34 38 41 37 42
50x50: 37 39 42 55 43 39
38x44: 39 40 48 45 41 46
43x47: 32 39 36 43 28 31
47x50: 32 52 40 33 39 43
47x37: 36 30 28 29 31 26
47x44: 39 42 32 40 27 30
50x38: 34 26 44 17 27 43
49x36: 27 35 29 32 26 42
39x47: 38 52 43 50 56 41
47x45: 33 36 30 44 38 44
43x49: 41 34 51 22 32 43
46x49: 57 60 58 58 62 50
49x44: 58 61 48 56 60 45
49x43: 33 38 38 40 40 35
44x47: 42 37 30 40 28 33
43x44: 48 28 42 19 28 30
37x43: 30 27 33 27 27 23
39x39: 44 25 37 41 38 53
47x47: 60 53 51 48 69 59
43x45: 31 34 36 30 39 39
41x35: 17 17 17 31 28 33
48x49: 40 41 46 43 38 47
40x39: 41 37 50 28 43 44
49x43: 55 68 48 42 55 56
37x49: 43 41 52 55 47 40
44x48: 38 45 37 35 34 34
40x49: 51 49 53 44 50 57
42x44: 39 45 61 44 54 42
50x36: 36 52 52 49 43 46
50x35: 42 42 52 37 51 47
46x45: 42 58 55 58 55 50
48x38: 38 55 54 46 47 40
48x46: 61 53 65 59 45 59
50x37: 54 43 52 48 43 45
35x45: 12 38 24 29 31 31
50x43: 45 53 56 60 60 58
46x49: 25 40 36 46 46 46
35x49: 37 49 40 51 41 46
41x49: 24 45 40 32 36 30
42x48: 34 37 37 45 34 36
50x36: 23 38 34 30 38 29
39x44: 39 27 22 27 32 34
35x46: 49 36 49 33 48 31
39x41: 28 34 27 32 19 28
37x50: 43 57 49 50 41 44
48x47: 54 64 62 52 53 65
49x45: 59 53 67 50 61 49
49x45: 43 48 31 43 32 42
43x42: 49 51 59 38 36 47
48x46: 55 69 52 59 56 45
40x48: 29 35 38 38 39 28
40x44: 40 30 32 29 23 28
41x48: 58 47 42 33 59 68
37x35: 45 29 30 34 31 29
36x37: 42 31 30 39 30 32
49x43: 56 56 54 51 52 56
47x46: 66 46 52 49 62 58
44x46: 54 62 46 54 47 46
50x39: 53 46 48 43 63 46
42x43: 42 48 51 53 40 44
47x48: 60 58 60 66 50 52
48x49: 61 65 59 52 65 60
49x49: 35 48 35 48 42 48
38x41: 27 27 23 29 20 29
50x41: 26 45 37 29 34 36
40x43: 19 37 23 34 29 39
48x49: 45 46 46 29 38 51
38x46: 44 49 43 38 50 45
36x36: 25 26 19 28 25 20
45x42: 48 42 46 45 63 46
44x41: 31 35 36 26 23 30
44x41: 31 31 30 37 29 23
40x48: 31 31 44 35 37 29
47x37: 19 30 30 38 34 29
37x39: 25 30 23 30 22 25
36x35: 11 23 19 25 20 34
41x50: 32 34 38 36 35 32
38x42: 40 40 33 48 37 49
35x47: 45 42 43 47 38 37
40x49: 59 46 53 50 52 39
36x50: 52 32 53 49 47 45
38x44: 26 16 41 34 24 27
42x46: 43 33 28 47 30 28
47x41: 50 48 52 49 51 46
48x45: 57 50 54 55 59 58
44x38: 53 41 35 41 44 42
40x37: 35 41 41 36 36 40
38x41: 29 32 22 31 25 16
44x44: 48 47 51 50 54 48
48x35: 47 53 47 37 40 32
46x39: 54 40 49 52 38 43
39x50: 51 57 51 60 37 42
38x49: 45 47 47 40 56 53
41x44: 53 46 50 44 47 35
42x47: 52 48 59 48 43 57
45x49: 36 40 48 37 35 43
40x39: 42 43 41 39 41 32
45x35: 35 35 40 44 42 49
38x50: 40 41 55 49 51 61
50x48: 54 54 61 72 70 57
38x47: 46 37 52 50 47 43
37x47: 32 31 23 28 34 32
46x38: 28 24 32 26 35 35
41x37: 23 24 22 22 33 31
41x49: 41 21 43 28 30 44
39x43: 32 25 33 36 25 31
38x38: 34 28 18 14 20 29
47x43: 55 50 56 47 57 45
44x49: 31 39 35 35 37 47
45x41: 39 52 44 58 45 45
38x36: 41 30 32 29 41 38
49x43: 46 42 38 33 37 28
46x46: 41 44 40 37 36 27
39x36: 24 30 17 36 21 27
35x47: 20 25 29 35 29 26
50x38: 52 50 41 59 50 36
37x40: 27 31 25 21 30 22
36x49: 42 44 49 43 54 38
44x50: 32 35 36 38 41 42
49x42: 33 43 40 37 34 37
40x47: 47 52 45 43 49 55
50x39: 30 35 38 34 23 47
35x37: 37 37 30 22 37 37
49x48: 43 39 57 38 40 38
37x36: 36 25 21 20 21 21
45x41: 35 19 35 39 28 38
46x49: 45 64 60 59 58 63
46x41: 30 36 32 30 32 34
43x48: 45 46 57 57 57 58
36x49: 39 41 53 50 41 50
38x40: 43 28 34 37 53 38
41x41: 47 40 36 58 36 40
35x41: 28 16 20 34 24 20
37x41: 23 23 25 28 29 27
43x47: 62 57 44 54 47 44
47x36: 26 34 35 32 33 20
48x43: 37 39 27 46 36 38
36x47: 23 27 31 27 27 44
50x42: 51 59 59 49 48 60
45x48: 52 70 50 50 52 59
40x43: 27 34 31 38 27 24
43x39: 32 31 34 35 27 23
45x49: 56 68 65 38 59 54
45x48: 40 44 33 42 25 56
35x36: 34 27 30 37 36 29
41x40: 31 33 26 26 18 34
46x49: 52 54 64 56 61 62
35x37: 17 16 24 26 25 24
40x40: 33 46 47 25 54 43
35x36: 28 19 22 22 20 20
44x46: 32 33 36 36 36 36
35x49: 42 39 53 39 52 39
40x43: 47 43 43 40 44 49
49x38: 44 51 64 54 29 47
45x47: 55 42 48 54 61 69
39x39: 40 37 45 36 39 38
37x40: 26 19 25 28 25 32
41x41: 28 27 32 32 22 28
46x37: 36 40 41 49 54 41
45x49: 41 45 37 40 41 36
47x42: 55 42 48 51 56 52
35x42: 38 49 32 29 41 36
42x48: 44 40 36 40 27 36
49x50: 67 53 60 55 76 67
50x41: 45 55 52 54 56 54
36x48: 33 60 35 45 47 45
50x42: 63 57 48 56 48 49
37x36: 34 25 42 36 38 30
44x45: 26 50 36 27 32 38
43x41: 40 40 51 51 48 41
38x42: 28 24 25 28 35 28
40x45: 38 32 29 41 28 27
47x42: 44 48 62 46 47 62
42x43: 46 47 56 42 51 34
45x43: 37 41 35 33 32 31
37x49: 23 29 37 39 38 26
44x42: 41 39 42 68 48 45
36x43: 33 49 39 34 44 39
36x36: 31 34 41 28 31 37
39x43: 43 40 43 54 38 39
46x39: 35 31 38 28 34 28
38x50: 50 45 43 54 46 56
38x40: 31 44 42 42 36 40
37x45: 39 36 51 55 33 44
48x39: 33 47 30 33 36 29
50x43: 41 58 57 56 67 51
49x38: 51 35 44 62 40 57
47x46: 49 36 36 42 28 33
49x38: 53 48 56 47 44 37
38x37: 25 21 16 21 25 36
42x50: 53 58 57 53 51 51
37x46: 35 49 39 47 54 35
50x38: 41 58 53 42 48 52
50x47: 57 65 65 56 58 62
50x49: 46 47 40 30 48 45
41x38: 43 31 48 44 36 39
39x46: 31 34 27 33 26 44
38x45: 39 43 61 42 42 37
48x46: 34 40 36 38 51 41
48x43: 38 35 34 49 27 41
49x43: 34 36 35 37 48 34
48x46: 69 51 49 61 57 50
39x46: 46 46 41 56 39 48
36x41: 49 45 26 31 41 32
43x42: 28 33 29 37 32 37
37x44: 45 32 49 48 38 39
43x50: 45 43 33 35 37 31
44x37: 40 45 46 34 45 41
36x45: 35 23 30 22 36 34
48x47: 56 63 55 68 49 55
35x43: 38 40 40 37 38 39
42x46: 40 36 31 31 36 35
47x44: 48 45 66 44 60 59
38x38: 20 23 22 25 31 22
44x44: 51 58 47 49 53 36
36x35: 22 28 18 21 26 17
36x50: 40 33 24 28 35 32
37x50: 42 42 47 53 58 41
35x42: 18 28 39 20 20 29
50x39: 51 55 40 56 44 54
39x44: 32 31 32 18 29 39
50x38: 29 29 40 35 27 31
38x47: 43 46 48 45 39 58
37x42: 37 41 38 43 38 43
41x46: 53 36 38 55 51 59
40x46: 33 33 25 44 30 30
37x43: 31 27 35 27 31 17
40x38: 35 42 36 43 46 29
37x41: 35 39 45 36 49 27
49x48: 54 56 53 72 59 70
43x45: 54 49 44 49 45 59
38x37: 42 37 32 32 40 32
38x45: 38 43 42 43 56 40
42x37: 21 34 32 21 34 25
42x49: 52 61 53 46 52 53
50x40: 31 25 34 36 45 36
35x41: 35 33 46 41 34 32
46x35: 42 46 42 33 36 52
36x36: 24 24 19 29 25 23
45x48: 60 52 45 55 66 52
41x41: 29 29 24 40 24 22
36x50: 33 44 25 31 32 27
38x44: 28 29 32 22 27 30
50x40: 51 46 52 55 50 55
47x40: 59 43 47 45 46 50
50x35: 46 45 35 41 41 66
40x42: 28 29 30 32 26 37
37x35: 22 22 26 16 24 21
50x38: 57 44 55 41 51 44
47x37: 42 42 48 44 46 47
35x35: 21 19 16 23 19 22
45x40: 45 50 53 48 39 42
39x48: 41 37 39 28 31 31
44x50: 38 39 36 32 45 34
49x35: 37 24 37 22 28 28
38x50: 54 55 55 43 36 51
40x49: 51 52 68 37 54 39
38x37: 36 53 34 30 30 32
36x35: 17 15 27 21 19 33
38x39: 44 31 41 27 45 42
46x43: 54 49 57 48 46 52
42x41: 38 61 36 46 34 51
46x41: 55 43 52 44 44 55
35x38: 17 18 32 20 22 23
41x43: 25 33 36 24 30 34
45x36: 33 37 45 51 43 41
50x46: 51 69 66 68 47 52
48x35: 52 41 49 40 34 44
36x36: 22 30 23 20 21 27
35x47: 29 32 24 33 27 20
50x36: 44 38 48 52 41 58
41x42: 45 47 50 33 49 41
43x48: 48 51 57 63 48 51
49x42: 54 50 55 56 57 42
43x35: 33 39 44 41 41 33
38x46: 24 26 32 31 37 30
39x35: 26 17 17 35 24 24
43x35: 27 22 27 17 28 32
46x50: 57 61 61 57 65 51
38x39: 25 28 20 22 33 28
43x46: 42 60 55 40 58 50
38x36: 34 33 29 36 40 39
45x39: 49 49 46 47 36 43
41x45: 51 45 52 54 40 41
46x38: 46 41 35 52 49 45
37x50: 44 32 31 29 30 26
50x45: 77 57 67 48 43 55
42x40: 31 17 38 36 29 30
49x42: 57 57 50 54 50 47
47x40: 57 55 48 35 48 46
38x41: 21 35 26 31 13 29
48x38: 42 51 51 50 44 42
45x40: 39 43 61 45 46 45
35x47: 25 30 27 27 25 30
48x38: 43 43 56 52 39 50
41x36: 36 22 19 17 33 29
47x41: 45 57 54 47 53 38
39x44: 49 40 47 42 40 48
46x46: 32 36 28 51 34 44
45x42: 35 25 40 28 38 43
43x41: 38 46 44 51 51 40
35x39: 19 29 24 23 23 25
35x41: 28 25 20 30 22 17
40x44: 48 43 45 52 35 49
49x45: 31 37 48 32 57 35
44x50: 33 39 31 40 45 35
46x48: 48 59 51 59 59 66
44x44: 61 48 52 47 40 51
42x47: 30 36 37 33 36 37
46x43: 35 32 32 30 37 44
37x37: 24 27 21 25 20 26
44x35: 27 23 18 23 37 25
42x47: 23 36 29 35 47 39
42x43: 43 31 33 35 27 27
36x43: 20 26 32 30 29 31
43x45: 36 32 32 36 39 34
35x41: 26 25 25 22 21 23
40x43: 35 52 44 29 53 55
38x42: 27 29 23 34 28 27
38x42: 22 29 23 29 31 33
47x42: 37 30 36 43 34 30
38x48: 41 43 52 49 52 44
46x36: 47 39 51 35 45 38
45x50: 48 32 40 52 25 42
40x45: 54 37 55 47 43 41
38x38: 27 21 25 16 27 28
36x50: 36 54 52 46 44 46
37x49: 24 36 26 41 33 31
48x47: 56 59 58 45 65 67
44x48: 35 39 41 34 38 36
48x38: 50 51 41 49 42 47
48x39: 35 45 57 44 62 46
36x36: 42 25 25 39 35 32
39x42: 31 47 34 39 54 48
38x47: 24 32 29 38 25 31
47x35: 23 32 28 30 28 23
44x44: 50 44 64 37 53 53
42x45: 45 40 49 55 46 59
39x45: 28 27 38 34 32 35
48x36: 46 37 50 44 46 44
44x41: 34 24 33 32 33 25
36x42: 39 43 39 38 37 36
48x48: 45 43 42 44 38 44
50x36: 44 63 46 46 35 42
42x35: 20 19 33 30 27 25
50x40: 51 44 59 53 41 65
46x50: 64 56 57 59 59 59
42x48: 56 37 46 57 61 53
45x46: 54 49 58 46 66 44
39x45: 51 42 40 46 47 43
49x44: 60 51 65 53 52 51
50x47: 36 52 38 39 41 34
48x36: 49 32 50 38 51 48
39x37: 24 33 19 24 29 27
50x45: 53 55 64 61 63 49
42x45: 37 39 37 30 35 31
40x45: 35 28 29 34 35 33
39x50: 31 35 32 35 43 31
38x40: 32 48 43 43 31 37
38x48: 40 46 45 47 52 52
46x38: 25 24 33 30 35 32
50x39: 31 26 49 40 30 32
39x46: 43 51 54 37 45 48
45x39: 44 40 52 57 42 33
36x39: 31 18 29 24 27 27
35x44: 30 22 28 22 19 33
40x49: 36 43 39 34 25 31
50x41: 38 31 30 40 36 33
43x39: 33 25 28 32 29 35
46x41: 48 55 50 53 38 46
47x35: 46 41 38 34 54 39
48x36: 24 32 40 30 26 39
42x45: 50 38 32 31 29 29
49x38: 43 44 54 46 44 60
43x38: 33 47 47 41 44 40
42x45: 37 40 37 39 27 29
42x48: 58 52 52 48 50 50
46x40: 28 34 34 32 32 34
47x45: 40 32 40 40 44 29
47x36: 43 46 47 43 39 43
45x35: 22 26 29 31 25 31
43x35: 37 38 35 40 48 31
47x36: 30 31 31 22 30 36
40x38: 42 43 46 36 29 39
37x35: 22 24 22 22 20 21
41x50: 52 45 61 50 46 67
42x37: 33 27 23 28 34 23
48x48: 59 49 62 76 48 62
40x41: 33 35 31 29 22 18
44x37: 43 38 42 38 47 43
48x47: 40 37 38 49 40 35
47x46: 47 56 52 65 60 51
46x43: 56 45 46 52 57 47
35x38: 40 38 22 32 30 44
46x40: 36 24 30 29 35 40
48x46: 37 40 35 54 38 35
41x42: 25 26 33 32 32 33
49x48: 51 65 59 63 66 57
44x37: 24 26 37 28 24 28
36x40: 27 25 22 27 29 26
48x43: 64 37 57 52 52 58
39x36: 28 17 29 32 30 19
38x40: 20 25 32 30 23 25
47x46: 58 44 53 64 52 64
44x49: 29 26 41 41 44 43
41x36: 43 32 36 40 36 41
37x36: 38 31 42 28 34 33
44x42: 32 31 30 27 39 36
47x40: 42 53 46 56 44 48
40x40: 41 55 32 35 42 40
38x37: 34 20 24 20 20 26
49x38: 48 50 53 45 50 39
39x37: 37 34 39 39 40 32
44x37: 44 40 38 37 42 52
37x35: 31 33 38 32 28 40
40x41: 28 27 28 32 20 33
46x35: 46 33 37 38 45 51
36x46: 40 42 43 46 37 49
43x35: 36 46 45 30 42 32
41x41: 41 44 41 45 41 48
50x48: 63 67 56 56 64 63
46x46: 62 51 58 54 45 57
36x40: 40 35 35 33 36 45
48x38: 54 42 48 39 46 54
49x41: 68 58 48 37 49 48
49x43: 34 37 39 40 41 33
40x41: 57 40 35 41 40 37
39x37: 43 47 21 35 37 37
48x46: 44 45 39 43 37 32
40x38: 42 47 32 32 42 38
44x41: 53 47 38 44 48 47
40x47: 53 42 47 40 58 50
37x50: 52 31 63 45 47 50
46x38: 30 32 34 26 37 21
48x40: 47 50 52 52 44 52
37x43: 36 49 37 42 36 46
42x50: 28 39 34 42 38 42
50x45: 58 53 69 49 54 68
36x50: 48 46 49 43 50 40
35x41: 32 34 39 31 42 46
46x45: 63 48 55 59 43 50
44x39: 42 42 43 41 53 43
41x45: 28 30 32 34 33 38
47x43: 55 56 46 35 62 58
44x39: 24 37 30 27 27 37
49x38: 42 30 27 27 33 33
50x39: 32 47 36 32 28 32
47x47: 54 37 66 54 67 66
40x47: 33 43 53 69 42 51
44x45: 51 55 46 63 41 47
42x45: 30 37 34 34 41 34
50x37: 51 45 41 54 55 34
46x48: 41 35 38 53 32 41
45x43: 52 43 49 43 64 46
42x48: 43 53 60 53 43 63
42x45: 37 38 44 30 29 32
49x43: 48 42 26 34 36 38
37x37: 34 46 30 35 33 31
46x48: 62 45 53 54 60 69
47x35: 37 48 48 39 41 41
48x50: 42 36 55 43 38 41
41x45: 53 46 45 44 41 58
48x42: 35 29 47 36 46 31
41x48: 34 36 36 36 29 36
46x35: 37 39 41 48 36 49
43x47: 60 47 56 43 51 56
38x50: 31 36 35 33 31 25
41x43: 48 51 49 37 47 38
50x37: 53 44 39 50 49 49
35x47: 27 30 22 27 26 33
46x46: 44 53 62 65 43 62
40x46: 40 52 47 40 55 50
40x38: 24 31 31 29 24 17
47x39: 48 55 36 46 50 45
43x42: 32 32 32 31 27 41
42x50: 54 55 44 54 63 51
39x43: 28 32 34 35 32 21
39x47: 37 58 43 40 53 52
45x46: 62 48 59 52 44 55
48x50: 60 72 62 68 48 59
44x40: 26 30 34 29 31 31
47x39: 42 42 48 55 54 39
41x38: 37 19 25 29 24 22
42x36: 42 37 40 41 34 39
47x37: 40 33 29 18 32 28
40x50: 48 54 57 52 39 62
50x41: 53 55 61 43 55 49
36x37: 27 25 25 23 21 23
49x39: 50 50 41 55 48 49
35x35: 18 14 22 24 21 21
48x37: 25 26 36 26 43 36
49x35: 34 29 24 30 30 28
39x49: 28 34 34 39 34 39
47x43: 41 51 57 61 55 45
36x47: 23 34 29 25 35 33
41x41: 51 42 36 39 44 47
41x42: 58 36 46 45 42 36
42x44: 39 65 48 38 54 38
45x45: 42 39 36 32 33 43
38x38: 43 41 33 37 31 37
45x36: 37 48 42 43 44 33
50x39: 29 36 31 41 36 35
38x39: 21 28 27 21 26 32
40x38: 33 42 35 42 44 37
49x48: 59 69 67 58 48 63
41x39: 42 42 44 37 42 39
42x44: 32 32 30 34 26 42
36x38: 26 24 25 21 22 25
46x44: 28 41 33 36 37 34
35x47: 34 42 52 40 47 39
42x38: 27 26 32 24 25 33
44x40: 47 43 39 51 43 48
37x42: 36 41 35 40 44 44
44x45: 50 49 48 57 51 49
35x40: 45 41 37 25 31 37
39x35: 27 22 19 26 22 26
42x35: 42 36 38 39 37 33
49x37: 28 25 34 31 31 43
50x37: 38 48 49 48 60 40
47x41: 46 53 44 55 49 49
38x46: 34 34 30 23 23 36
38x43: 48 35 37 32 45 59
37x44: 50 48 35 40 39 36
44x44: 63 43 39 49 45 61
36x37: 21 25 16 27 26 28
47x48: 57 55 46 58 71 59
36x35: 18 21 23 23 22 25
38x49: 29 34 38 33 33 25
38x46: 45 45 36 52 45 45
44x49: 51 48 60 53 57 67
36x41: 38 34 43 39 36 38
42x44: 52 40 46 45 47 57
42x35: 32 43 37 40 35 40
46x45: 32 37 34 38 35 49
35x50: 48 39 43 41 49 51
42x49: 48 42 37 34 28 35
46x40: 31 41 30 37 30 25
49x40: 29 33 31 45 23 46
48x47: 52 43 40 37 30 38
48x45: 37 32 40 44 44 43
49x39: 35 36 33 28 37 38
41x47: 35 37 32 29 36 26
43x43: 33 33 31 35 34 29
48x41: 51 49 47 51 48 59
38x36: 44 38 32 27 37 31
49x43: 38 49 35 31 39 32
50x47: 29 34 52 46 32 46
36x47: 29 31 26 42 22 29
35x46: 56 42 38 32 39 40
48x37: 20 32 35 32 33 39
38x42: 41 38 42 52 39 31
48x47: 57 67 68 52 54 48
45x44: 61 59 40 41 52 50
45x37: 50 42 39 46 41 36
48x35: 41 36 47 46 42 49
49x43: 62 50 59 44 54 57
44x41: 42 32 30 24 25 29
39x38: 34 35 34 40 43 43
50x35: 49 44 46 36 56 36
43x47: 50 54 57 50 44 59
46x43: 40 45 26 37 31 31
49x44: 61 47 63 61 43 59
41x35: 45 34 27 30 46 38
35x36: 27 32 34 34 31 38
46x46: 59 52 45 58 57 53
44x49: 33 29 31 43 51 36
46x43: 46 50 56 53 53 46
49x39: 31 38 38 35 34 32
47x49: 52 65 63 57 52 69
37x48: 29 28 35 33 37 30
41x40: 39 39 45 37 48 46
40x50: 30 39 32 32 34 40
49x47: 33 38 47 34 42 45
45x50: 67 62 49 64 54 46
37x45: 30 34 30 33 25 28
37x42: 48 30 42 47 39 31
48x43: 35 37 46 37 37 32
42x44: 31 31 30 32 34 37
35x49: 43 36 42 49 54 38
50x49: 40 39 47 44 44 42
41x50: 52 51 53 62 54 40
50x41: 55 51 44 49 62 54
42x50: 57 49 51 59 55 51
44x38: 31 26 30 27 25 28
37x49: 37 43 39 56 59 43
46x43: 34 34 34 27 34 46
36x42: 21 30 33 29 27 28
43x48: 34 36 39 40 31 43
48x42: 47 46 57 52 50 62
49x42: 46 55 54 44 61 59
35x43: 22 23 30 41 23 15
49x36: 49 33 45 46 47 54
38x38: 16 25 22 24 29 28
49x40: 47 52 48 50 46 62
50x42: 36 31 41 36 38 41
39x39: 33 30 22 29 28 27
44x43: 41 54 46 51 48 52
42x38: 32 29 23 28 29 26
37x40: 29 23 33 17 27 26
41x46: 34 31 38 28 32 31
49x49: 62 47 61 64 61 80
45x41: 35 30 32 36 35 27
37x50: 29 27 33 39 29 35
50x35: 28 33 39 25 20 31
38x43: 42 46 34 48 43 36
39x45: 35 28 30 29 32 40
48x36: 49 45 46 51 32 43
36x35: 27 36 25 32 43 29
39x39: 39 47 38 37 35 38
42x41: 38 45 49 47 45 41
50x47: 50 66 57 56 71 62
46x49: 36 50 38 35 42 38
38x46: 37 53 39 45 45 51
50x43: 34 35 35 39 38 42
39x37: 32 21 29 31 22 21
47x42: 54 56 46 47 51 49
41x47: 27 28 36 30 29 44
40x50: 48 39 43 60 62 56
39x43: 40 38 43 49 44 45
41x41: 35 29 24 24 25 32
49x42: 31 29 43 28 48 44
37x40: 43 46 29 34 36 39
46x43: 40 31 40 29 29 41
42x50: 46 60 57 55 51 55
50x48: 66 60 73 61 52 58
38x44: 30 23 27 27 27 33
36x42: 24 38 22 31 23 29
37x43: 38 43 37 36 43 50
40x42: 27 43 52 51 44 43
50x48: 69 64 67 51 56 64
45x41: 47 44 43 48 45 60
47x44: 36 54 58 68 45 60
43x50: 35 37 34 45 37 36
48x49: 58 49 65 54 84 50
47x48: 63 60 53 61 58 49
39x49: 38 34 36 35 33 32
35x42: 41 41 37 30 38 40
48x50: 63 52 56 68 63 69
47x47: 40 38 41 43 31 31
43x39: 48 42 49 41 39 39
44x43: 30 32 33 31 45 24
42x38: 35 41 39 52 44 32
45x40: 27 27 23 30 38 49
40x42: 43 31 54 45 42 46
47x44: 42 37 29 32 33 36
41x36: 26 24 24 26 31 25
46x43: 42 36 33 29 35 35
48x38: 49 58 45 52 37 37
37x48: 40 48 44 43 49 51
41x37: 43 39 45 39 34 33
50x35: 46 55 42 48 39 37
37x39: 21 26 29 29 27 23
45x46: 55 53 44 61 52 52
48x45: 54 29 35 40 37 45
39x36: 17 25 24 26 33 30
41x49: 53 47 57 45 59 48
36x49: 37 46 61 47 42 39
40x47: 25 43 27 31 36 32
39x48: 49 45 57 51 41 46
44x47: 27 42 32 37 38 33
38x37: 33 38 37 35 32 44
38x43: 24 31 32 20 33 27
36x35: 40 33 26 27 33 35
41x43: 32 35 25 29 32 29
48x37: 40 41 43 50 52 48
42x38: 50 40 41 44 30 41
41x43: 23 35 29 31 35 29
49x40: 30 30 46 35 38 29
50x46: 41 48 32 48 36 35
45x45: 58 41 50 57 52 54
44x39: 44 52 40 47 41 38
40x46: 42 54 52 46 41 50
36x40: 32 34 37 41 40 38
35x39: 41 29 28 40 37 34
48x39: 26 28 34 40 43 36
41x40: 32 25 21 31 29 30
47x36: 31 28 29 34 35 23
50x37: 41 67 45 43 45 42
35x40: 40 35 26 38 42 32
48x49: 60 54 78 50 67 54
43x41: 30 39 23 28 30 32
45x48: 47 43 33 43 34 39
38x49: 37 33 32 28 32 30
42x36: 33 36 33 24 23 18
43x38: 29 27 28 28 24 32
44x43: 32 31 27 42 34 30
37x36: 17 27 30 25 25 20
39x49: 41 32 31 38 30 36
46x46: 38 35 37 38 36 40
35x38: 19 31 24 20 22 16
44x35: 28 28 21 30 23 23
37x44: 30 39 39 41 56 47
49x49: 36 44 41 36 48 50
37x35: 34 30 38 30 33 36
49x45: 36 34 33 39 49 48
46x35: 42 38 49 43 39 37
41x48: 32 21 25 48 44 38
35x39: 22 21 29 28 20 23
39x48: 37 30 33 45 33 30
50x50: 64 59 63 59 72 69
46x50: 58 64 57 66 54 53
47x50: 50 67 58 72 51 65
42x39: 41 38 49 48 36 41
36x41: 24 37 27 19 24 24
40x37: 48 41 30 27 42 39
43x48: 36 43 41 37 35 31
49x45: 56 54 57 60 57 55
40x50: 47 55 58 45 47 59
49x41: 25 44 30 46 30 32
44x41: 23 24 34 35 31 34
42x40: 41 46 34 49 45 42
50x42: 38 42 32 31 32 49
49x38: 36 40 32 31 32 20
37x43: 39 44 34 42 45 40
45x46: 38 37 31 41 37 41
40x41: 32 35 31 28 23 20
42x48: 48 49 59 48 52 57
35x48: 19 31 42 23 26 34
43x35: 22 24 22 24 29 32
46x36: 37 32 27 29 26 28
42x44: 47 42 51 55 41 50
38x39: 25 22 21 36 24 27
35x40: 42 39 30 32 38 33
49x42: 43 51 56 52 61 55
41x40: 37 51 51 42 40 29
47x35: 21 19 26 29 40 29
38x47: 49 56 48 39 38 45
43x42: 49 39 52 51 44 43
43x46: 31 40 35 30 37 36
45x42: 36 33 39 33 37 31
43x35: 28 22 23 25 35 20
46x46: 41 40 37 29 36 41
39x48: 50 37 49 49 49 57
43x42: 58 42 48 43 47 38
36x49: 51 46 35 43 55 38
47x36: 50 41 39 42 47 40
38x42: 39 36 35 42 50 44
43x43: 56 50 50 41 39 50
46x46: 49 63 52 54 50 59
43x40: 27 29 36 30 24 35
44x45: 50 47 61 46 47 57
50x38: 44 27 25 24 40 31
44x44: 29 26 35 43 28 35
35x35: 37 29 29 32 33 27
49x35: 48 48 35 40 42 52
35x36: 22 23 20 18 25 23
48x48: 41 37 39 36 58 44
35x42: 44 34 42 39 41 23
46x49: 56 61 57 62 51 61
37x45: 50 34 45 40 44 44
42x42: 45 50 43 45 44 44
44x46: 35 38 30 40 35 31
50x50: 40 37 45 41 53 39
38x49: 36 33 25 30 38 30
44x38: 26 25 30 26 35 26
48x38: 45 37 48 59 48 43
36x50: 40 40 42 52 56 47
42x44: 41 26 34 28 29 37
50x44: 46 55 64 67 58 47
39x40: 50 38 32 36 39 46
48x38: 30 33 34 36 27 32
41x36: 32 39 44 33 40 41
39x50: 32 42 25 24 43 41
49x38: 28 35 31 32 33 33
50x44: 37 39 37 39 31 41
40x37: 42 35 44 38 31 39
48x49: 48 38 42 47 47 33
42x45: 25 41 34 29 38 42
43x38: 31 30 30 22 28 26
36x46: 42 36 45 41 40 55
40x38: 32 41 41 42 36 44
40x38: 39 44 31 43 40 35
42x40: 40 44 56 46 38 34
36x41: 35 33 46 40 38 36
37x37: 27 17 22 31 16 31
44x49: 37 34 29 45 34 44
45x35: 36 38 44 44 41 40
50x38: 47 51 48 36 65 44
43x43: 37 22 37 32 36 32
50x50: 65 64 72 56 70 57
43x37: 39 21 31 30 19 28
40x40: 41 41 39 46 39 40
47x35: 52 44 39 40 35 43
44x41: 33 22 22 36 45 23
36x38: 30 19 22 29 21 23
38x45: 36 32 28 21 35 27
49x37: 44 44 52 36 60 43
36x46: 27 31 38 27 29 27
40x35: 14 29 30 25 22 22
38x39: 27 43 41 35 41 43
50x35: 29 20 26 29 35 36
46x40: 31 44 30 29 27 33
35x46: 24 26 32 32 25 25
41x49: 32 33 41 45 28 29
50x44: 53 66 48 69 57 40
37x50: 39 33 26 35 30 28
44x48: 53 70 46 52 49 54
47x38: 33 24 31 35 25 32
49x49: 41 51 34 44 49 36
45x46: 52 63 56 54 44 49
37x43: 37 38 49 51 38 30
46x50: 54 51 52 69 58 73
49x48: 49 44 47 41 34 40
50x47: 60 73 58 55 56 59
36x38: 27 26 25 21 20 24
41x47: 30 31 28 33 41 31
36x43: 34 53 36 35 40 40
44x43: 40 33 28 33 31 30
35x38: 32 34 41 34 35 28
49x45: 46 37 31 39 53 33
46x44: 32 27 34 38 35 43
43x42: 33 36 36 28 33 30
38x46: 28 30 28 34 34 26
42x46: 59 45 53 50 41 50
38x50: 47 38 63 45 55 46
44x44: 28 39 38 27 24 40
44x48: 42 37 33 40 35 37
40x40: 33 28 51 54 45 35
41x36: 33 45 46 33 38 32
41x39: 35 40 45 40 48 38
35x40: 23 24 21 24 25 26
48x41: 26 37 38 35 34 37
42x50: 64 47 54 51 52 56
50x40: 46 27 35 27 32 41
35x47: 42 41 46 39 46 39
43x44: 51 51 53 39 47 52
41x39: 28 27 42 23 25 24
46x47: 60 57 66 38 54 61
44x50: 56 59 61 51 57 55
50x39: 41 51 49 46 66 46
35x37: 34 42 33 33 28 28
50x36: 44 54 51 43 39 47
48x48: 50 39 42 37 39 48
38x39: 43 42 31 34 43 33
48x44: 45 60 44 52 55 73
36x46: 53 37 43 34 41 49
42x35: 25 22 31 24 27 24
48x40: 51 42 47 50 60 44
43x38: 29 47 49 47 41 39
41x48: 50 56 47 48 47 56
36x48: 42 42 49 48 44 41
44x49: 31 42 38 45 29 39
36x38: 43 30 38 29 37 34
42x49: 43 38 61 68 56 52
48x35: 33 42 53 45 39 50
35x37: 30 36 41 28 32 34
46x48: 66 53 59 58 51 52
36x37: 28 27 37 37 41 36
39x50: 36 25 25 38 50 34
40x50: 34 29 38 35 42 29
50x45: 57 51 66 56 59 59
45x49: 66 49 55 57 51 63
36x47: 30 26 31 26 32 34
45x42: 51 32 56 46 51 59
48x41: 52 51 53 44 47 59
40x46: 32 37 39 33 31 22
40x36: 25 22 29 25 22 32
37x35: 21 14 31 22 23 20
46x41: 32 29 34 31 37 32
42x41: 42 31 48 62 43 38
43x49: 32 39 44 37 37 35
40x35: 28 34 44 47 28 36
45x44: 34 56 56 59 51 49
41x35: 30 33 49 36 27 52
38x41: 30 31 23 21 34 16
38x40: 37 43 33 38 42 41
37x39: 33 25 29 28 22 19
35x45: 34 37 48 43 38 45
36x48: 32 31 28 29 27 44
36x44: 24 27 26 35 33 22
36x36: 38 35 32 26 42 24
37x43: 27 33 25 26 29 28
36x49: 36 51 46 57 41 39
38x42: 35 39 44 47 33 51
49x44: 53 33 32 33 34 38
45x47: 41 38 31 44 37 33
41x45: 41 33 30 31 30 29
43x47: 52 65 43 48 47 56
46x50: 56 66 61 72 49 47
47x37: 27 36 20 27 33 37
40x40: 24 31 29 30 32 22
50x47: 38 30 42 44 39 46
45x43: 50 41 50 46 59 53
47x47: 60 53 56 57 62 50
49x39: 56 48 50 53 42 44
39x49: 51 26 35 34 28 34
48x43: 57 56 47 42 54 64
47x39: 31 35 27 35 29 37
36x38: 34 37 28 38 32 43
42x44: 47 60 50 43 43 40
46x42: 60 30 52 61 52 40
44x38: 22 39 27 26 32 22
36x36: 27 28 23 27 25 14
43x49: 37 30 37 23 47 50
37x37: 31 38 45 29 35 34
