[##...##] (0,3,4,6) (1,2,4,5,6) (0,1,2,5,6) (0,1,3,5) (0,2,3,4,6) {29,26,26,12,9,26,26}
[######..] (0,1,2,3,4,5) (0,4,5,7) (1,5,7) (3,4,6) (2,6,7) (0,5,7) (2,3,4,7) (5,6,7) (1,3,4,5,6) (1,3,4) {31,51,38,61,77,74,49,72}
[#####..#] (0,3,6) (0,1,3,5,7) (0,2,4,5,6) (2,5,6) (1,2,3) (0,2,3,4,7) (1,3,5,7) (0,2,3,4,5,7) {59,21,65,80,39,32,29,43}
[......#] (4,5,6) (1,4) (0,2,3,5) (0,2,3,5,6) (0,1,2,4,5,6) (0,1,2,3,4) {45,34,45,25,51,61,41}
[.#.##.##] (5,7) (2,6,7) (0,1,5,6,7) (0,2,4,5,7) (0,1,2,4,6,7) (0,3,4,5,6) (0,2,3,5,7) (0,1,3,4,5,6) (0,1,3,5,6) (0,1,2,6,7) {84,50,59,44,21,77,61,83}
[.#...#...] (2,4,5,7,8) (0,1,3,4,6,8) (0,2,3,4,6,8) (0,3,4,5,6,7,8) (0,2,7) (1,2,3,4,6,7) (0,1,2,4,5,7) {35,18,29,30,49,28,30,35,48}
[..##.#] (5) (0,5) (1,2,4,5) (0,2,3,4,5) (1,2) (0,2,3) (2,5) {45,8,50,30,16,45}
[#####....#] (0,5,9) (1,3,5,7,9) (2,3,4,6,7,8) (2,5) (2,3,4,5,8,9) (3,9) (1,7) (0,1,2,4,5,6,7,9) (1,3,6) {26,33,44,35,25,48,30,33,11,45}
[#..#..] (0,1,2,3) (0,2,3,4,5) (2,3,4) (0,2,4,5) (0,1,5) (0,1,3,4,5) (4,5) (0,1,2) {49,37,54,32,31,23}
[.###] (2,3) (0) (0,1) (0,1,2) (0,2,3) {46,18,33,22}
[.#####] (0,1) (0,2,3) (1,3,4) (0,1,3,4) (0,1,2,3,5) (2,3,4) (5) (1,4,5) {23,50,24,46,47,43}
[###..#] (1,3,4,5) (0,1,2,5) (2,4) (0) (0,2,3,4,5) (1,2,5) (0,2,3,5) (2,3,4,5) {22,15,45,45,48,49}
[#..#.#.#.] (0,1,2,3,4,5,8) (1,2,4,8) (5,7) (0,1,2,3,5,6,8) (0,3,4,5,6,7) (1,3,4,7) (1,3,4,7,8) (2,6,7) (0,2,3,7,8) {42,51,56,67,54,34,32,69,49}
[#......#..] (2,3) (0,1,3,4,5,7,8) (0,2,3,7) (1,3,4,5,7,8) (2,3,9) (0,2,3,5,8,9) (0,9) (1,3,4) (0,1,2,3,4,5,6,7) (0,1,2,3,4,6,7,8) {74,36,61,78,36,34,19,46,17,29}
[#.##.] (0,2,3) (2,3) (0,2,3,4) (1,4) {30,19,38,38,32}
[..##.....#] (4,7) (0,3,4,7) (0,3,4,5,7,8,9) (0,1,2,3,6,7,8,9) (1,6,7,8) (0,1,2,3,4,6,9) (1,2,5,6,7,9) (0,8) (1,8) (1,2,3,4,5,7,8,9) {42,58,43,59,47,32,29,70,66,53}
[.####] (0,2,3) (1,2,4) (1,2,3,4) {9,194,203,18,194}
[.#.#] (0,2) (1,3) {1,16,1,16}
[#.###..] (2,3,5,6) (0,1,3,4,5) (3,4) (1,2,5,6) (3,5) (2) (0,3,4,5,6) (0) (1,2,3,4,5,6) {19,23,23,62,25,60,23}
[.###....#] (0,1,4,5,6,8) (4) (1,5,8) (0,1,2,4,5,6,8) (0,1,2,6,7) (1,2,3,5,6,7,8) (1,2,3,8) {38,71,40,20,34,45,46,22,57}
[...##] (0,1,4) (1,4) (1) (0,2,3) (2) (4) (1,2,3) {21,34,25,11,38}
[#.....] (0,1,3) (1,3,4,5) (1,5) (0,4) (2,5) (0,2,3,4,5) (1,3) {18,24,25,33,23,31}
[..#.#] (0,2,3,4) (2,4) (1,3,4) (0,2,4) (0) (1,2) {210,12,211,19,219}
[...######] (1,2,4,5,6,7,8) (0,2,5) (0,2,3,4,5,7,8) (0,1,4,5,6,8) (0,3,7) (1,3,5,6,7,8) (0,3,4,5,6,7) (2,4,7,8) {44,25,62,37,54,51,26,74,57}
[....#..##.] (2,3,4,6) (0,2,3,5,6,8,9) (3,6,9) (1,2,5,9) (0,1,3,5,6,7) (1,3,4,5,7,8) (0,1,3,4,8) (0,2,3,4,6,8) (3,6,8) (0,2,7) (0,3,5,6,7,8,9) (1,3,4,5,6,9) (0,8) {66,66,214,278,231,77,256,48,78,46}
[##...] (3,4) (2,3,4) (1,4) (0,3) (1,2,3) {19,13,16,50,42}
[#.#..#.] (2,4) (0,3,5,6) (0,1,2,3,4,5) (0,2) (0,3,4,5,6) (0,1,2,3,6) (0,1,2,3,4) (0,4,5,6) {71,22,39,41,31,39,55}
[#.#.#...#] (0,1,2,3,4,6,8) (0,1,3,4,5,6,8) (0,7) (0,1,2,3,4,5,8) (1,2,3,5,6) (0,3,6) (1,4,8) {147,46,37,53,31,26,46,109,31}
[.###] (0,1,3) (0,2) (1,2) {11,11,10,6}
[###..#.#.#] (6,7,9) (3,5,7,8) (1,2,3,5,6,7,8,9) (0,1,5,6,7,8,9) (0,1,2,4,5,6,7,9) (2,3,6,8) (0,2,3,4,5,6,7,8,9) (2,3,5,6,7) {49,39,214,216,34,83,235,89,223,64}
[..##..###] (0,8) (4,8) (0,1,2,3,6,7,8) (2,6) (0,4,5,7,8) (0,1,3,4,5) (0,5,6) (0,1,6,7) {45,28,7,23,28,27,13,14,21}
[##....#] (0,2) (0,1,3,5) (0,3,5) (0,1,4,6) (0,2,4,5,6) (2,5) (1,2,4,5) {54,28,43,21,41,57,26}
[##..#] (0,1,4) (0,2) (1,2,4) (0,3) {38,18,3,17,18}
[#.##] (1,3) (1,2,3) (2,3) (0,1,3) (0,1) {163,183,34,36}
[##.#.#.#.#] (2,3,4,7,8) (0,6,8,9) (0,5,6) (4) (5,7,8,9) (3,5) (1,2,3,5,6,8) (9) (0,1,2,4,5,7,8) (0,3,4,5,7,8,9) (0,1,2) (3,4,6,8) {57,40,57,53,234,58,29,49,76,44}
[....##..] (2,4,6,7) (1,6) (2,3,5) (3,4,5) (3,5,7) (0,1,2,3,4,6) (0,1,2,4,5,7) (0,5,6) (0) {38,25,29,19,26,40,9,31}
[#..#.] (0,2,3) (2) (0,1,4) {9,1,27,8,1}
[.#....] (0,1,2,4) (0,1,2) (1,3,5) (0,3) (0,2,3,4) (3) (2) (0,2,3,4,5) {48,17,224,48,26,16}
[##.#] (0,2) (0,1,3) (0,1,2) {214,20,197,17}
[##.##] (1,2) (1,2,4) (0,1,3,4) (1,3) (0,1,4) {25,50,13,26,27}
[...####..] (0,1,2,3,4,6,7) (0,1,2,3,5,6,7) (1,3,4,6,7,8) (2,5) (0,4,5,6,7,8) (1,8) (3,5,7) (0,3,5,6,8) {32,37,40,36,26,33,39,33,23}
[#...#..] (3) (1,4,5) (0,1,2,3,4,5) (1,6) (0,3,5,6) {21,23,1,24,8,28,35}
[#####..] (0,2,3,5) (0,3,5) (0,3,4,6) (0,3,5,6) (2,3,4,5,6) (0,1,2) (1,3,4,5,6) (0,1,3,4,5) (0,1,2,3,4) {92,58,43,92,54,73,46}
[.#.#.#] (2,3,4) (1,3,5) (0,1,3) (0,2,3,5) (3,5) (4) {27,14,36,69,36,40}
[.###] (2,3) (1,2) (0,2) (2) (0,2,3) {19,15,69,27}
[.#..#.] (0,3,4,5) (1,3) (1,5) (0,1,2) (0,1,2,3,4) (1,2,3,4) (0,4) {57,154,139,128,143,13}
[###..#..] (0,1,2,3,6) (0,1,5,6,7) (1,2,4,5,6,7) (0,2,4,5,7) (0,1,2,3,7) (4,6) (4,5) (3,4) (1,4,5) {58,47,61,54,71,45,39,45}
[##...#####] (3,4,7) (1,3,4,5,8) (1,5,6,7,9) (0,3,5,6,7,9) (0,4,6,7,8,9) (0,8) (2,3,4,5,9) (3,4,5,7) (5,8) (5,6) (0,5,9) (0,3) (6) {87,24,5,78,65,95,69,62,69,62}
[.#.###.] (0,3,4,5,6) (0,2,3,5,6) (1,4,5) (1,6) (1,2,4) (3,4,5,6) {19,45,13,142,172,161,156}
[#..#] (3) (2,3) (1,2) (0,2) {9,4,17,133}
[###...] (2,4,5) (2,3,4,5) (0,2,4,5) (0,2,3) (1,2,3) (1,3,4,5) {15,7,27,12,25,25}
[#..###...] (7) (8) (3,5,6) (2,3,4,5,6,7,8) (0,1,2,3,4,5,6,8) (0,2,4,7,8) (4,5,7,8) (0,1,2,4,5,8) (0,4) (1,2,3,4,5,6,7) (0,1,2,3,4,8) {39,45,71,73,97,91,65,68,71}
[....#.] (1,2,4) (0,2,3,5) (1,2,5) (1,2,4,5) (1,2,3,5) {6,35,41,16,13,35}
[.#....####] (0,1,2,5,8,9) (1,2,4,6,7,8,9) (6,7) (2,3,4,5,9) (1,3,4,5,6,7,9) (1,4,8) (0,1,2,8,9) (0,2,3,4,5,7,8,9) (7,9) (0,2,3,4,5,6,8) (0,1,3,7,8,9) {50,59,51,46,50,33,28,49,71,68}
[#.#.##] (0,1,2,3,4) (0) (3,4) (1,2,3,4) (3,4,5) (1,3) (0,2,5) {46,19,31,32,25,32}
[#.###] (1,3,4) (2,3,4) (1,2,4) (0,4) {12,24,7,17,36}
[.##...] (2,3,4,5) (1,2,3,5) (0,2,4) (0,2,3,4,5) {17,12,35,29,23,29}
[.#...#.#..] (0,2,4,5,7,8,9) (4,6) (0,6) (1,2,3,5,8,9) (0,3,4,5,6,8) (1,3,5,6,9) (0,1,2,4,5,6,8) (1,3,5,7,8,9) (1,3,6,7,8) (2,5,6,8,9) (0,1,2,4,5,6,8,9) {42,210,196,207,47,232,92,48,233,227}
[#.#.####] (7) (0,1,2) (0,2,5,6) (1,2,3,4,5,6) (0,3,6,7) (0,1,2,3,4,5,7) (0,5,7) (0,1,2,4,5,6) (2,4,6) (1,2,3,4,5) {177,139,153,37,38,62,49,56}
[#..##..] (0,1,2,3,4,5) (1,3,4) (2,5) (0,1,4,6) (0,3,4,6) (3,5,6) (0,1,2,5) (0,2,3,4) (2) {189,197,199,38,46,190,25}
[###.#.#] (2) (0,1,2,5) (0,1,2,4,6) (0,1,2,4,5,6) (1,3,4) (0,3,4,6) (0,1,3,4,5) (2,3,6) (0,5) {71,55,64,38,41,63,44}
[#.#....] (0,1,3,5,6) (3,5) (1,3,5) (1,2,4,6) (0,2,3,4,5,6) (0,2) (0,1,5,6) (3,6) {220,33,198,38,18,55,42}
[#..#.#..#] (0,1,3,4,5,6,7) (2) (1,4,6,8) (0,2,3,4,7,8) (0,1,3,5,6,7) (0,2,5,8) (0,4,5,6,8) (3,4) {71,27,201,51,60,53,41,39,56}
[..####.##] (6,7) (0,2,4,5,6,7,8) (3,6) (4) (1,2,4,5,6,7,8) (0,1,2,3,5,7,8) (0,1,2,3,4,6) (1,3) (5,6,7,8) {33,37,33,38,40,33,51,38,33}
[.#####] (0,2,3,5) (0,3,4) (3,4) (0,1,3) (1,2,4) (0,4,5) {19,0,5,15,16,11}
[....#] (0,3,4) (2) (0,3) (2,3,4) (4) (1,2,4) (3) {35,0,13,59,30}
[#.##] (0,1,3) (0,2,3) {20,15,5,20}
[#.#.] (0,3) (2,3) (0,1,3) (0,1,2) {22,11,11,31}
[#.#.] (1,3) (0,2) {11,1,11,1}
[#..##.#..#] (1,2,8,9) (0,3,4,6,9) (0,3,4,5,7) (1,7,9) (1,2,5,7,8) (0,1,2,4,5,6,7,8) (5,6) (0,1,4,5,6,7,8) {45,45,32,29,45,43,28,49,38,32}
[#.#.] (2,3) (1,3) (0,3) {8,9,6,23}
[.#.....#.#] (1,2,3,4,5,6,7,8) (0,1,3,4,6,7,8,9) (1,2,3,4,5,6,8) (0,1,2,3,5,6,7,8) (0,2,3,4,6,7,8,9) (0,3,4,7) (1,4,6,7) (0,4,5,8,9) (1,4,5,7,8,9) (1,3,4,5,6,7,8,9) (0,6,7) (0,1,2,3,4,5,7,9) (1,2,3,4,6,8,9) {242,110,78,295,305,83,116,282,116,76}
[...#..] (0,1,3,4,5) (1,2,5) (0,2,4) (3,4) {5,5,0,23,23,5}
[.###] (0,2) (1,2,3) {9,13,22,13}
[.##.....] (0,1,2,5,6,7) (3,6) (0,1,5,6,7) (1,3,4,5,6) (0,2,3,4) (0,4,7) (4,5) {51,29,19,41,52,29,38,34}
[#.#.] (0,1,2) (1,3) (0,3) (1,2) (1) (0,2,3) {181,23,187,183}
[.###.] (0,3,4) (0,2,3) (4) (1,2,4) (0,3) (0,1,3) (1,2,3) {16,16,22,16,33}
[..#.#..] (0,4,6) (5,6) (0,1,3,5) (0,4) (1,2,3) (1,2,3,6) {41,32,18,32,27,24,21}
[#..###] (0,1,2,3,5) (0,1,5) (1,4,5) (0,3,5) (0,2,3,4,5) (2,3,4,5) {42,195,42,45,188,221}
[##.....#] (0,1,2) (2,3,5) (0,1,3,4,6,7) (1) (0,1,2,4,5,6,7) (1,2,3,4,5,6,7) (4,5,7) (2,4) (1,2,4,6) {28,187,185,45,187,30,171,35}
[####.##.##] (1,4) (2,4,5,9) (0,2,3,4,5,7,8,9) (1,2,3,5,6,7,8) (0,4,5,6,7,8) (0,1,3,4,5,6,7,8,9) (1,5,9) (0,1,2,3,4,7,9) (1,2,3,4,5,6,7,8) (0,5,6,7) (0,2,3,5,9) {51,64,57,59,81,67,39,70,53,50}
[.###.] (0,3,4) (0,1,2,4) (0,2) {151,20,21,130,150}
[.#..#....] (0,1,2,3) (1,5,6,7,8) (4,6) (0,1,2,3,4,5) (0,2,5,6,7,8) (4) (1,2,5,8) (0,3,4,5) (1,4) (0,1,2,3,5,6,7,8) {69,66,62,54,68,71,37,25,38}
[.#.#..] (1,4,5) (0,1,2,4) (2,4) (0,2,5) (0,3) {36,33,40,13,50,20}
[#...#] (1,2,3) (0,1,2,3) (1,2) (0,4) {18,210,210,14,10}
[.#.#] (0,2) (0,1) (0,3) {24,15,9,0}
[#..#..##..] (3,4,6,9) (0,3,5,6,8) (0,7) (1,2,4,6,7,8,9) (1,3,4,5,8,9) (0,2,3,5,8,9) (0,1,3,4,5,6) (0,1,3,4,8,9) (0,1,2,3,4,5,8,9) {50,31,27,160,140,49,129,7,39,144}
[#...#.###.] (2,3,4,5,6,7,9) (0,1,2,3,4,5,9) (2,3,7) (0,1,2,4,6,7) (1,9) (3,4,8,9) (0,1,3,4,5,7,8,9) (0,1,4,6,7,8,9) (0,2,3,7,9) (2,3,7,8,9) (4,6,7,8) (0,1,3,5,6,7,8,9) {52,60,212,241,50,32,21,221,51,92}
[####..] (1,3) (1,2,5) (1,2,3,4,5) (0,1,2,4) {2,26,26,17,19,24}
[#..#..#..] (0,6,7) (0,1,2,3,5,7) (0,1,7,8) (2,3,5,8) (3,5,6) (0,1,4,5,7,8) (0,1,3,5,6,7,8) (1,2,4,7,8) (4,5,6,8) (0,1,2,4,6,7,8) (0,2,3,8) {53,34,19,122,32,140,151,51,44}
[..#..] (1,3) (0,1,3) (1,4) (0,1,4) (0,2) {24,36,8,16,20}
[#...#.] (3,4) (1,5) (0,2,3,4,5) (0,1,2,5) (1,2,3) {27,40,47,51,31,38}
[#.#...#...] (2,6,7) (0,1,2,3,4,6,7,9) (0,2,3,4,5,9) (0,1,2,4,5,7) (0,1,3,4,5,8) (0,7) (0,1,2,3,4,5,8,9) (0,1,2,3,4,7,8,9) (1,2,3,5,6,8,9) {64,57,76,53,61,66,28,43,34,43}
[########] (0,1,2,5,6,7) (5,7) (0,1,4,5,6,7) (0,1,2,4,5,6,7) (2,4,6) (0,1,3,4,7) (2,4,7) (1,2,5) {39,57,68,14,50,54,35,70}
[##.#.] (1,2,3,4) (0,1,3) (0,4) (2,3,4) {19,21,20,27,32}
[#.....#.] (0,6) (4,5,6) (4,6) (0,1,3,4,5,6,7) (0,2,3,4,5,6,7) (0,1,2,4,5) {32,10,12,12,40,32,50,12}
[##.#.#.#..] (2,3,4,5,6,8,9) (0,1,4) (0,2,4,5,7,9) (0,1,2,4,6,7,8,9) (1,2,3,4,5) (1,2,3,4,6,8,9) (0,1,3,8) (0,1,2,4,9) {225,75,226,54,241,203,20,182,39,208}
[......##] (1,2,3,4,5,7) (0,1,4,6) (1,5) (0,2,3,5,6,7) (0,2,3,6,7) (1,3,4,7) (0,1,2,4,5,7) {37,32,46,56,23,40,37,56}
[...##] (1,4) (1,2,3) (0,3,4) (3,4) (0,1,2,4) {131,150,133,9,151}
[.....#.#.] (1,3,5,8) (2,5) (0,1,2,3,6) (0,2,3,6,7,8) (1,3,4,7,8) (0,1,2,4,5,6) (0,1,3,4) (5,6) (1,2,3,4,5,8) (1,2,3,4,5,6,8) (0,3,5,6) {79,59,72,88,29,73,77,23,38}
[#.#.#...] (0,2,3,4,5,6) (0,1,2,3,4) (0,2,3,4,6,7) (0,1,2,3,6,7) (0,2,6,7) (0,1,3,4,6) (3,4,5,7) (0,1,2,4,6,7) {63,43,43,55,65,19,58,55}
[##...#.] (0,3,6) (0,1,6) (0,3,5) (1,2) (4,6) {195,190,16,21,13,7,201}
[...#] (3) (0) (0,2) (1,2) {30,11,29,17}
[#..####..] (3,8) (0,1,4) (1,2,6,7) (2,3,5,7,8) (0,2,4,5,6,7,8) (4,5,6,8) (0,2,5,8) (0,3,5,6,7,8) (0,2,6,8) (0,1,4,5,7,8) (0,8) {70,36,63,23,42,69,62,71,89}
[###.#.#.] (0,1,5) (4,5,6,7) (0,1,2,3,6,7) (2,5) (0,6) (1,3,7) (0,1,2,5) (1,2,4,7) (0,3,4,5,6,7) (2,3,5,7) {53,57,81,50,47,94,41,81}
[##..###] (3,4) (1,2,3,4,5) (0,2,4) (0,3,4,5,6) (0,1,4) (0,2,3,4,5) (0,1,2,4,5) {33,35,28,31,54,29,7}
[#.#####...] (0,5,7,9) (0,1,2,3,5,7,9) (6,8) (0,1,2,5,7,8) (2,4,5,6,8,9) (0,1,3,7,8) (0,1,2,3,4,5,7,9) (1,2,3,5,8,9) (2,4,6,8,9) (0,1,3,4,6,7,8,9) (0,2,3) (2,8,9) (0,3,5,8,9) {72,32,62,50,29,71,30,45,60,75}
[##.#..#] (0,2) (0,5,6) (0,3,4,6) (0,1,3,5,6) (2,6) (0,1,2) (0,1,3,4,5) (0,3,5,6) {256,29,36,227,204,38,231}
[.#.#] (0,3) (0,2,3) (1) (1,2,3) (2) (3) {9,14,20,13}
[#.###.#] (0,1,2,4,5,6) (1,4) (0,4,5,6) (1,3,6) (1,4,5,6) (0,1,2,3,6) {38,64,31,27,44,41,68}
[###.] (1,3) (0,1,2) (0) (3) {24,18,18,6}
[#.#..] (0,2,3) (0,3,4) (0,4) (0,1,2) (0,1,3,4) (1,3,4) {52,36,15,52,56}
[....##...] (0,2,3,4,6,8) (1,2,7) (0,4) (0,1,7) (0) (0,2,5,6,7,8) (0,1,3,4,6,7) (1,2,4,6,7,8) (0,5) (1,2,6,8) {76,49,67,39,55,23,72,56,52}
[#..###..] (5,7) (1,2,3,4,7) (0,2,3,5,7) (0,1,3,4) (0,4,5,7) (2,3,6) (0,1,2,3,5,6) (0,4,5,6) {58,35,48,49,51,71,49,49}
[..#.##] (1,3) (0,2,3,5) (1,2,3,4,5) (0,2,3,4) {18,9,24,27,23,7}
[.##..####] (1,3,4,5,7,8) (1,2,3,5,8) (0,2,3,5) (0,1,3,5,6,7,8) (0,3,5,8) (1,2,3,4,5,6,7) (1,2,3,4,5,6,8) (2,4,6) (0,2,3,5,7,8) (0,1,3,6) {21,55,74,70,51,64,49,26,53}
[##..##] (1,2,3,4,5) (0,3) (2,4,5) (1,2,4) (0,3,4,5) {12,15,27,23,32,28}
[..#..##...] (5,7) (3,7,8) (2,3,5) (0,1,2,4,5,7,8,9) (1,2,3,4,5,6,8,9) (0,1,4,5,9) (6,7,8) (1,5,8) (0,1,2,3,4,6,7,8,9) (2) (1,3,5,6,7,8,9) (0,3,5,6,7,8,9) {49,66,35,36,41,85,24,59,66,58}
[.#..##...] (0,1,2,3,6,7,8) (1,4,5) (0,2,3,6,7) (1,5,7,8) (4) (2,3,4,6) (0,6,7,8) {32,36,28,28,46,32,41,45,30}
[..##..#] (0,4,6) (0,1,2,4,5) (2,4,5) (1,2) (0,6) (0,3,4,6) (0,1,3,4,6) {143,136,128,21,145,109,42}
[#.#.#.#.##] (3,5,7,8,9) (0,2,3,5,6,8,9) (1,3,9) (0,2,3,4,5,9) (0,2,4,5,7,8,9) (1,5,9) (3,4) (3,4,5) {30,29,30,165,131,61,11,13,24,71}
[...#..#] (1,2,6) (0,3,4,5) (0,2,3,4,5) (2,3,4,5,6) (0,1,2,3,6) {43,18,34,48,32,32,23}
[...#.....#] (0,1,2,3,7,9) (1,2,3,4,5,6,8,9) (0,2,3,4,6,7) (0,2,4,6,7,9) (0,1,3,4,5,7,8) (0,2,3,5,9) (0,1,4,9) (6,7) (2,4,9) (2,3,7,9) (2,6,8,9) {73,41,80,52,67,18,49,75,23,77}
[.##.#] (0,2) (0,2,3) (1,2,4) {145,13,158,145,13}
[#......#..] (0,6) (3,5,8,9) (0,1,3,7,8,9) (1,6) (0,2,3,4,6,7,8,9) (6,7) (0,2,4,6,8) (0,7) (1,2,3,4,6,8,9) (0,2,3,4,5,6,7) {223,26,57,51,57,17,93,199,63,45}
[......##..] (3,5,8) (0,3,5,6,8,9) (0,1,2,3,4,7,8,9) (0,2,3,6,7,8) (0,3,4,6,8,9) (5,6,8,9) (2,3,4,5,6,7,8) (0,1,7) (1,6) (1,2,3,4,7,8,9) (2,3,4,5,8) (3,4,7) (1,2,4,6,8,9) {41,41,43,68,46,46,61,65,69,29}
[..#.#.##] (1,2,4,5,6,7) (0,1,2,3,6,7) (4,6) (0,1,6,7) (1,4,7) (2,3,6) (1,3,4,6,7) (0,2,5) (2,4,5,6,7) (3,4,5) {48,83,75,50,66,48,89,93}
[###.###] (1,3) (3,4,6) (0) (0,1,2,4,5,6) (2,5) (0,1,2,5) (0,2,4) {60,34,40,115,126,23,109}
[#####.##] (7) (2,4,7) (0,1,4,5,6,7) (0,1,2,5,6) (0,2,3,6,7) (0,1,2,3,4) (2,3,4,6) (6) (0,5) {224,208,62,40,233,203,226,219}
[###..#..##] (0,1,2,5,8,9) (5,7) (1,3,4,6,7,8) (0,1,2,3,4,5,6,7) (1,3,6) (0,3,6,9) (0,5,6) (1,2,3,5,6,7,8,9) (0,1,2,5,9) (0,1,2,4,5,6,7) {44,67,46,53,27,70,71,65,45,44}
[.##.#...##] (0,9) (0,2,3,5,8) (0,2,4,6,9) (4,5,6,7,8,9) (1,3,4,5,6,7,9) (0) (4,6) (2,3,4,6,8,9) (0,1,2,3,4,6,7,8) (3,4,5,6,8,9) (0,2,4,7,8) (1,2,3,4,7) {157,16,30,30,64,29,43,43,47,49}
[.#.#] (0,1,2) (1) (2,3) (1,3) (1,2) (2) {8,20,37,4}
[#.###..#] (0,2,4,5) (0,5,6,7) (0,1,2,3,5,6) (0,1,2,6) (1,2,3,5,6) (1,3,5,6,7) (1,2,3,5,6,7) {60,71,64,56,11,87,91,44}
[######.###] (2,3,4,6,7,9) (0,3,9) (1,2,3,4,7,9) (5) (0,1,2,4,6,7,8) (1) (1,2,3,6,8) (1,2,5,6,7,8,9) (0,4,5,7) (1,4,5,6,8,9) (1,2,3,4,5,6,7,8) (1,5,6,7) {27,82,67,61,47,74,82,63,69,56}
[.###...###] (0,2,6,8) (2,3,9) (0,1,2,3,5,6,7,8) (0,2,3,4,6,7,8,9) (1,2,5,6,9) (0,4,9) (1,5,7,8) (1,2,3,4,5,6,8,9) (1,3,4,7) {27,28,51,54,42,15,38,29,39,42}
[.#......] (2,5,6) (2,3,4) (0,7) (0,1,4,5,6) (0,2,3,4,5,6,7) (0,1,2,7) (2,5) {53,23,71,30,38,44,28,45}
[###.....] (0,2,3,4,5,6) (1,5) (2,6,7) (0,1,5,6) (0,1,4,7) (0,4) {37,13,26,11,31,17,32,22}
[.#..#] (1,2,3,4) (0,3) (1,2,3) (0,4) (1,2) (2,3,4) {33,28,29,36,32}
[##.##.##] (0,1,4,7) (1,2,3,5,6) (2,3,5,6,7) (0,1,3,4,6,7) (2,3,4,5,6,7) (0,4,6,7) {39,26,16,31,45,16,50,49}
[.#...#.] (0,1,2,3,4) (0,2,4,5) (5) (0,1,3,4,6) (1,4,6) (1,3,4,5,6) (0,2) (0,2,3) {42,60,31,44,73,44,49}
[.###.] (2,3) (1,2,3) (0,2,3,4) (4) (0,3) (2) {28,15,66,59,19}
[#.######.] (1,2,4,8) (0,8) (4,8) (3,7) (2,6) (3,6,7) (0,7) (2,5) (1,2,4,5,6) {19,24,44,39,33,18,56,44,30}
[#.....#.] (0,1,3,5) (0,1,2,4,5,6,7) (1,2,3,4,5,7) (2,4,6) (0,2,3,5,6,7) (2,5) {22,32,28,28,24,36,14,17}
[.###..###] (2,3,4,5,6,7,8) (3,6,7,8) (1,2,3,4,5,6,8) (0,1,4,6,7) (0,4,5,6,7,8) (5,6,8) (1,2,3,6,7,8) (0,3) (0,3,8) (0,5,7) {55,23,31,58,49,66,80,65,72}
[####] (0,1) (0,1,3) (0,3) (1,2) (1) {29,33,4,16}
[####.] (1,3,4) (0,3,4) (0,1,2) (1,3) (0,1,3) (1,4) (2,3) {30,78,105,170,48}
[..#.......] (0,1,2,3,4,6,9) (0,1,2,3,5,8,9) (2,4,9) (1,3,4,5,6) (0,1,2,3,5,7,8,9) (1,2,3,4,5) (4,9) (1,2,3,4,5,7,8,9) (1,3,4,6) (1,3,9) (2,6) (0,1,2,3,4,6,8) {31,81,67,81,83,40,55,17,29,78}
[#.###.#] (0,2,3,4,5,6) (2,3) (0,1,3,4,5,6) (0,1,2,3,5,6) (2,4) (5) {166,154,173,176,17,183,166}
[..#.] (2,3) (0,2,3) (0,1) (2) (3) (1) {33,181,19,39}
[.###] (0,2,3) (1,2,3) {148,7,155,155}
[.#...#.#.] (2,4,6,8) (0,2,3,5,8) (0,1,2,3,4,5) (1,5,7) (3,4,7) (0,1,4) (0,1,4,5,6,8) (4,5,7,8) (1,2,6,8) {138,146,47,31,160,41,32,24,54}